#JOSM PicLayer plugin calibration data
#Wed Dec 08 18:56:51 CET 2021
POSITION_X=937730.5655786794
POSITION_Y=6277237.213502868
INITIAL_SCALE=3.6567806569641776
M00=-0.07354252734590502
M11=-0.07354252734590502
M10=1.8831982790080553
M02=436.8503005872257
M01=-1.8831982790080553
M12=416.2356278239859
